% Trainingsdata
xi = [0.1,0.3,0.1,0.6,0.4,0.6,0.5,0.9,0.4,0.7; 0.1,0.4,0.5,0.9,0.2,0.3,0.6,0.2,0.4,0.6];
y = [ones(1,5) zeros(1,5); zeros(1,5) ones(1,5)]; 